   9.1000080108642578E-002
   8.0999851226806641E-002
   8.5000038146972656E-002
   8.2000017166137695E-002
   8.2999944686889648E-002
   8.2000017166137695E-002
   8.2000017166137695E-002
   8.2000017166137695E-002
   8.2000017166137695E-002
   8.2000017166137695E-002
   8.2000017166137695E-002
   8.2000017166137695E-002
   8.2000017166137695E-002
   8.1999778747558594E-002
   8.3000183105468750E-002
   8.2000017166137695E-002
   8.2000017166137695E-002
   8.1999778747558594E-002
   8.2000017166137695E-002
   8.2000017166137695E-002
   8.2000017166137695E-002
   8.4000110626220703E-002
   8.2999944686889648E-002
   8.1000089645385742E-002
   8.2000017166137695E-002
   8.2999944686889648E-002
   8.2000017166137695E-002
   8.0999851226806641E-002
   8.2000017166137695E-002
   8.2000017166137695E-002
   8.2999944686889648E-002
   8.2000017166137695E-002
   8.2000017166137695E-002
   8.1000089645385742E-002
   8.2000017166137695E-002
   8.2000017166137695E-002
   8.2000017166137695E-002
   8.0999851226806641E-002
   8.2000017166137695E-002
   8.1000089645385742E-002
   8.2999944686889648E-002
   8.2000017166137695E-002
   8.2999944686889648E-002
   8.4000110626220703E-002
   8.2000017166137695E-002
   8.2000017166137695E-002
   8.0999851226806641E-002
   8.3000183105468750E-002
   8.1999778747558594E-002
   8.1000089645385742E-002
   8.2999944686889648E-002
   8.2000017166137695E-002
   8.1000089645385742E-002
   8.2999944686889648E-002
   8.1000089645385742E-002
   8.3999872207641602E-002
   8.5000038146972656E-002
   8.2000017166137695E-002
   8.1000089645385742E-002
   8.2999944686889648E-002
   8.1000089645385742E-002
   8.0999851226806641E-002
   8.2000017166137695E-002
   8.2000017166137695E-002
   8.2000017166137695E-002
   8.2999944686889648E-002
   8.1000089645385742E-002
   8.2000017166137695E-002
   8.2000017166137695E-002
   8.2000017166137695E-002
   8.2000017166137695E-002
   8.2000017166137695E-002
   8.2000017166137695E-002
   8.0999851226806641E-002
   8.2000017166137695E-002
   8.2000017166137695E-002
   8.2000017166137695E-002
   8.2000017166137695E-002
   8.2000017166137695E-002
   8.2000017166137695E-002
   8.2000017166137695E-002
   8.2000017166137695E-002
   8.2999944686889648E-002
   8.2000017166137695E-002
   8.0999851226806641E-002
   8.2000017166137695E-002
   8.2000017166137695E-002
   8.2000017166137695E-002
   8.2000017166137695E-002
   8.2000017166137695E-002
   8.2000017166137695E-002
   8.1000089645385742E-002
   8.2000017166137695E-002
   8.2000017166137695E-002
   8.0999851226806641E-002
   8.2000017166137695E-002
   8.2000017166137695E-002
   8.2000017166137695E-002
   8.2000017166137695E-002
   8.2000017166137695E-002
   8.1000089645385742E-002
   8.2000017166137695E-002
   8.2000017166137695E-002
   8.0999851226806641E-002
   8.2000017166137695E-002
   8.4000110626220703E-002
   8.2000017166137695E-002
   8.2000017166137695E-002
   8.1999778747558594E-002
   8.3000183105468750E-002
   8.2000017166137695E-002
   8.2000017166137695E-002
   8.1999778747558594E-002
   8.2000017166137695E-002
   8.3000183105468750E-002
   8.2000017166137695E-002
   8.1999778747558594E-002
   8.2000017166137695E-002
   8.1000089645385742E-002
   8.2000017166137695E-002
   8.2000017166137695E-002
   8.2000017166137695E-002
   8.2000017166137695E-002
   8.2000017166137695E-002
   8.2000017166137695E-002
   8.0999851226806641E-002
   8.2999944686889648E-002
   8.1000089645385742E-002
   8.2999944686889648E-002
   8.1000089645385742E-002
   8.2000017166137695E-002
   8.2000017166137695E-002
   8.2000017166137695E-002
   8.2999944686889648E-002
   8.2999944686889648E-002
   8.2000017166137695E-002
   8.1000089645385742E-002
   8.2000017166137695E-002
   8.2000017166137695E-002
   8.2000017166137695E-002
   8.1999778747558594E-002
   8.2000017166137695E-002
   8.2000017166137695E-002
   8.2000017166137695E-002
   8.2000017166137695E-002
   8.1000089645385742E-002
   8.2000017166137695E-002
   8.2000017166137695E-002
   8.2000017166137695E-002
   8.2000017166137695E-002
   8.1999778747558594E-002
   8.2000017166137695E-002
   8.2000017166137695E-002
   8.2000017166137695E-002
   8.1000089645385742E-002
   8.1000089645385742E-002
   8.2000017166137695E-002
   8.0999851226806641E-002
   8.2000017166137695E-002
   8.2000017166137695E-002
   8.2000017166137695E-002
   8.2000017166137695E-002
   8.2000017166137695E-002
   8.2999944686889648E-002
   8.2000017166137695E-002
   8.2000017166137695E-002
   8.2999944686889648E-002
   8.2000017166137695E-002
   8.2000017166137695E-002
   8.2999944686889648E-002
   8.2000017166137695E-002
   8.5000038146972656E-002
   8.2000017166137695E-002
   8.2000017166137695E-002
   8.8000059127807617E-002
   9.2000007629394531E-002
   8.7999820709228516E-002
   9.1000080108642578E-002
   9.2999935150146484E-002
   9.1000080108642578E-002
   9.4000101089477539E-002
   8.5999965667724609E-002
   8.3999872207641602E-002
   8.5999965667724609E-002
   8.4000110626220703E-002
   8.2999944686889648E-002
   8.7000131607055664E-002
   9.2000007629394531E-002
  0.10399985313415527     
  0.11700010299682617     
   8.9999914169311523E-002
   8.4000110626220703E-002
   8.5999965667724609E-002
   8.6999893188476562E-002
   8.2000017166137695E-002
   8.2000017166137695E-002
   8.5999965667724609E-002
   8.3000183105468750E-002
   8.3999872207641602E-002
   8.4000110626220703E-002
   8.4999799728393555E-002
   8.4000110626220703E-002
   8.2000017166137695E-002
   8.5000038146972656E-002
   8.5000038146972656E-002
   8.2000017166137695E-002
   8.1999778747558594E-002
   8.3000183105468750E-002
   8.5999965667724609E-002
   8.2999944686889648E-002
   8.5000038146972656E-002
   8.3999872207641602E-002
   8.7000131607055664E-002
   8.2000017166137695E-002
   8.3999872207641602E-002
   8.4000110626220703E-002
   8.2000017166137695E-002
   8.0999851226806641E-002
   8.6000204086303711E-002
   8.2999944686889648E-002
   8.5000038146972656E-002
   8.2000017166137695E-002
   8.5999965667724609E-002
   8.8999986648559570E-002
   8.8999986648559570E-002
   8.8000059127807617E-002
   9.2999935150146484E-002
   9.1000080108642578E-002
   9.0999841690063477E-002
   8.8000059127807617E-002
   8.2999944686889648E-002
   9.2999935150146484E-002
   8.7000131607055664E-002
   8.2999944686889648E-002
   8.2000017166137695E-002
   8.1000089645385742E-002
   8.2000017166137695E-002
   8.2999944686889648E-002
   8.2999944686889648E-002
   9.8999977111816406E-002
   9.3000173568725586E-002
   8.9999914169311523E-002
   8.8999986648559570E-002
   9.4000101089477539E-002
   8.8999986648559570E-002
   8.5000038146972656E-002
   8.2999944686889648E-002
   8.8000059127807617E-002
   9.2000007629394531E-002
   8.3999872207641602E-002
   8.5000038146972656E-002
   9.1000080108642578E-002
   8.3999872207641602E-002
   8.5000038146972656E-002
   8.5000038146972656E-002
   8.5000038146972656E-002
   8.2999944686889648E-002
   8.2000017166137695E-002
   8.2000017166137695E-002
   8.2000017166137695E-002
   8.0999851226806641E-002
   8.2000017166137695E-002
   8.7000131607055664E-002
   8.5000038146972656E-002
   8.9999914169311523E-002
   8.9999914169311523E-002
   9.1000080108642578E-002
   8.8999986648559570E-002
   9.4000101089477539E-002
   9.2000007629394531E-002
   8.4999799728393555E-002
   8.5000038146972656E-002
   8.2999944686889648E-002
   8.2000017166137695E-002
   8.7000131607055664E-002
   9.3999862670898438E-002
   9.1000080108642578E-002
   8.8999986648559570E-002
   9.1000080108642578E-002
   8.6999893188476562E-002
  0.10699987411499023     
   8.8000059127807617E-002
   8.8999986648559570E-002
   8.5000038146972656E-002
   8.8999986648559570E-002
   8.8000059127807617E-002
   8.7999820709228516E-002
   9.1000080108642578E-002
   9.1000080108642578E-002
   8.4999799728393555E-002
   8.4000110626220703E-002
   8.4000110626220703E-002
   9.0999841690063477E-002
   8.8000059127807617E-002
   8.6999893188476562E-002
   8.3000183105468750E-002
   8.2000017166137695E-002
  0.11099982261657715     
  0.10400009155273438     
  0.10199999809265137     
   9.1000080108642578E-002
   8.9999914169311523E-002
   9.2999935150146484E-002
   9.2999935150146484E-002
   9.2000007629394531E-002
   9.4000101089477539E-002
   9.2000007629394531E-002
   8.8000059127807617E-002
   8.3999872207641602E-002
   8.8000059127807617E-002
   9.2999935150146484E-002
   8.8999986648559570E-002
   8.5999965667724609E-002
   9.4000101089477539E-002
   9.2000007629394531E-002
   8.8000059127807617E-002
   8.2999944686889648E-002
   8.5000038146972656E-002
   8.5000038146972656E-002
   8.3999872207641602E-002
   8.2999944686889648E-002
   8.6000204086303711E-002
   8.5999965667724609E-002
   8.5999965667724609E-002
   8.5000038146972656E-002
   9.2999935150146484E-002
   8.3000183105468750E-002
   8.3999872207641602E-002
   8.2000017166137695E-002
   8.8999986648559570E-002
   9.4000101089477539E-002
   9.2000007629394531E-002
   8.6999893188476562E-002
   8.8999986648559570E-002
   9.5999956130981445E-002
   9.5999956130981445E-002
   9.5000028610229492E-002
   8.3000183105468750E-002
   8.6999893188476562E-002
   8.4000110626220703E-002
   9.2000007629394531E-002
   9.0999841690063477E-002
   8.2000017166137695E-002
   8.2999944686889648E-002
   9.1000080108642578E-002
   9.2999935150146484E-002
   9.2000007629394531E-002
   9.3000173568725586E-002
   9.2999935150146484E-002
   8.5999965667724609E-002
   8.4000110626220703E-002
   9.5000028610229492E-002
   9.3999862670898438E-002
   9.8000049591064453E-002
   8.8000059127807617E-002
   8.8000059127807617E-002
  0.10199999809265137     
   8.2999944686889648E-002
   8.8999986648559570E-002
   9.2000007629394531E-002
   9.0999841690063477E-002
   9.1000080108642578E-002
   9.2000007629394531E-002
   8.9999914169311523E-002
   9.3000173568725586E-002
   8.9999914169311523E-002
   8.8999986648559570E-002
   9.2000007629394531E-002
   9.1000080108642578E-002
   8.8999986648559570E-002
  0.10399985313415527     
   7.5000047683715820E-002
  0.10199999809265137     
   8.0000162124633789E-002
   9.2999935150146484E-002
   9.2000007629394531E-002
  0.10800004005432129     
   9.2000007629394531E-002
  0.10099983215332031     
   9.6000194549560547E-002
   9.3999862670898438E-002
   9.5999956130981445E-002
   8.8000059127807617E-002
   9.2000007629394531E-002
   8.9999914169311523E-002
   9.0000152587890625E-002
   8.5000038146972656E-002
   9.8999977111816406E-002
   8.5999965667724609E-002
   7.9999923706054688E-002
   8.5000038146972656E-002
   8.8000059127807617E-002
   8.9999914169311523E-002
   9.1000080108642578E-002
   9.1000080108642578E-002
   9.5000028610229492E-002
   8.7999820709228516E-002
   9.1000080108642578E-002
  0.10199999809265137     
   9.1000080108642578E-002
   8.2000017166137695E-002
   8.4999799728393555E-002
   7.1000099182128906E-002
   9.8000049591064453E-002
   8.8999986648559570E-002
   9.3999862670898438E-002
   8.9000225067138672E-002
   8.7999820709228516E-002
   9.1000080108642578E-002
   8.8999986648559570E-002
   8.8999986648559570E-002
   8.9999914169311523E-002
   9.7000122070312500E-002
   8.5999965667724609E-002
   9.2999935150146484E-002
   7.8000068664550781E-002
   9.4000101089477539E-002
   7.7999830245971680E-002
   9.4000101089477539E-002
   8.1000089645385742E-002
   7.8999996185302734E-002
  0.11399984359741211     
  0.10000014305114746     
   9.0999841690063477E-002
   8.5000038146972656E-002
   9.7000122070312500E-002
   9.7999811172485352E-002
   8.8999986648559570E-002
   8.7000131607055664E-002
   8.8000059127807617E-002
   8.8999986648559570E-002
   9.8999977111816406E-002
   9.0999841690063477E-002
   7.5000047683715820E-002
  0.10300016403198242     
   9.2000007629394531E-002
   8.4999799728393555E-002
   9.4000101089477539E-002
   7.8000068664550781E-002
   9.3999862670898438E-002
   9.1000080108642578E-002
